hackett; COTTON POLO SHIRT WITH HARRY LOGO;Win Purple;175;https://www.hackett.com/intl/cotton-polo-shirt-with-harry-logo-HM563193.html?dwvar_HM563193_color=490&cgid=hktrowmc9
hackett; COTTON POLO SHIRT WITH HARRY LOGO;Navy;175;https://www.hackett.com/intl/cotton-polo-shirt-with-harry-logo-HM563193.html?dwvar_HM563193_color=595
hackett; COTTON POLO SHIRT WITH HARRY LOGO;Dark Green;175;https://www.hackett.com/intl/cotton-polo-shirt-with-harry-logo-HM563193.html?dwvar_HM563193_color=675
hackett; PIMA COTTON POLO SHIRT;Navy;125;https://www.hackett.com/intl/pima-cotton-polo-shirt-HM563205.html?dwvar_HM563205_color=595
hackett; PIMA COTTON POLO SHIRT;Khaki;125;https://www.hackett.com/intl/pima-cotton-polo-shirt-HM563205.html?dwvar_HM563205_color=8HO
hackett; PIMA COTTON POLO SHIRT;Light Grey;125;https://www.hackett.com/intl/pima-cotton-polo-shirt-HM563205.html?dwvar_HM563205_color=913
hackett; PIMA COTTON POLO SHIRT;Black;125;https://www.hackett.com/intl/pima-cotton-polo-shirt-HM563205.html?dwvar_HM563205_color=999
hackett; PIMA COTTON POLO SHIRT;Marron Red;125;https://www.hackett.com/intl/pima-cotton-polo-shirt-HM563205.html?dwvar_HM563205_color=294
hackett; PIMA COTTON POLO SHIRT;Steel Blue;125;https://www.hackett.com/intl/pima-cotton-polo-shirt-HM563205.html?dwvar_HM563205_color=563
hackett; EMBROIDERED LOGO COTTON POLO SHIRT;Navy;170;https://www.hackett.com/intl/embroidered-logo-cotton-polo-shirt-HM563206.html?dwvar_HM563206_color=595&cgid=hktrowmc9
hackett; EMBROIDERED LOGO COTTON POLO SHIRT;White;170;https://www.hackett.com/intl/embroidered-logo-cotton-polo-shirt-HM563206.html?dwvar_HM563206_color=800
hackett; EMBROIDERED LOGO COTTON POLO SHIRT;Steel Blue;170;https://www.hackett.com/intl/embroidered-logo-cotton-polo-shirt-HM563206.html?dwvar_HM563206_color=563
hackett; FIL-À-FIL HEATHERED POLO SHIRT;Navy;210;https://www.hackett.com/intl/fil-%C3%A0-fil-heathered-polo-shirt-HM563192.html?dwvar_HM563192_color=595
hackett; FIL-À-FIL HEATHERED POLO SHIRT;White;210;https://www.hackett.com/intl/fil-%C3%A0-fil-heathered-polo-shirt-HM563192.html?dwvar_HM563192_color=800
hackett; FIL-À-FIL HEATHERED POLO SHIRT;Maroon Red;210;https://www.hackett.com/intl/fil-%C3%A0-fil-heathered-polo-shirt-HM563192.html?dwvar_HM563192_color=294
hackett; FIL-À-FIL HEATHERED POLO SHIRT;Steel Blue;210;https://www.hackett.com/intl/fil-%C3%A0-fil-heathered-polo-shirt-HM563192.html?dwvar_HM563192_color=563
